Correalation factor = 0.3
TeamExp,Length,Effort,Transactions,Entities,PointsAdjust,Envergure,PointsNonAjust,Langage
1,12,5152,253,52,305,34,302,1
0,4,5635,197,124,321,33,315,1
4,1,805,40,60,100,18,83,1
0,5,3829,200,119,319,30,303,1
0,4,2149,140,94,234,24,208,1
0,4,2821,97,89,186,38,192,1
2,9,2569,119,42,161,25,145,2
1,13,3913,186,52,238,25,214,1
3,12,7854,172,88,260,30,247,1
3,4,2422,78,38,116,24,103,1
4,21,4067,167,99,266,24,237,1
2,17,9051,146,112,258,40,271,1
1,3,2282,33,72,105,19,88,1
3,8,4172,162,61,223,32,216,1
4,9,4977,223,121,344,28,320,1
3,8,1617,119,48,167,26,152,2
4,8,3192,57,43,100,43,108,1
4,14,3437,68,316,384,20,326,2
3,14,4494,9,386,395,21,340,2
4,5,840,58,34,92,29,86,1
4,12,14973,318,269,587,34,581,2
2,18,5180,88,170,258,34,255,1
2,5,5775,306,132,438,37,447,1
4,20,10577,304,78,382,39,397,1
1,8,3983,89,200,289,33,283,1
4,14,3164,86,230,316,33,310,1
2,6,3542,71,235,306,37,312,1
3,14,4277,148,324,472,39,491,1
4,16,7252,116,170,286,27,263,1
4,14,3948,175,277,452,37,461,1
4,6,3927,79,128,207,27,190,1
1,9,710,145,38,183,27,168,3
4,9,2429,174,78,252,41,267,3
1,5,6405,194,91,285,35,285,1
2,3,651,126,49,175,38,180,3
1,17,9135,137,119,256,34,253,2
2,11,1435,289,88,377,28,351,3
2,8,5922,260,144,404,24,360,1
1,4,847,158,59,217,18,180,3
3,16,8050,302,145,447,52,523,2
1,9,4620,451,48,499,28,464,1
2,34,2352,661,132,793,23,698,3
1,10,2174,64,54,118,25,106,1
2,39,19894,284,230,514,50,591,1
2,18,6699,182,126,308,35,308,1
2,27,14987,173,332,505,19,424,1
2,9,4004,252,7,259,28,241,1
4,11,12824,131,180,311,51,361,1
2,8,2331,106,39,145,6,103,1
3,9,5817,96,108,204,29,192,1
2,7,2989,116,72,188,18,156,1
3,6,3136,86,49,135,32,131,1
2,17,14434,221,121,342,35,342,1
1,12,2583,61,96,157,18,130,1
1,12,3647,132,89,221,5,155,2
3,13,8232,45,387,432,16,350,2
1,12,3276,55,112,167,12,129,2
1,8,2723,124,52,176,14,139,2
3,5,3472,120,126,246,15,197,2
1,6,1575,47,32,79,14,62,2
1,12,2926,126,107,233,23,205,2
3,6,1876,101,45,146,15,117,2
1,5,2520,78,99,177,14,140,1
4,13,1603,69,74,143,14,113,1
1,8,3626,194,97,291,35,291,2
2,10,6783,224,110,334,28,311,2
2,15,11361,323,184,507,35,507,2
1,10,1267,42,31,73,27,67,2
1,5,2548,74,43,117,25,105,2
3,10,1155,101,57,158,9,117,2
0,6,546,97,42,139,6,99,3
2,13,2275,134,77,211,13,165,2
4,26,9100,482,227,709,26,645,2
0,6,595,213,73,286,6,203,3
0,22,3941,139,143,282,22,245,2
2,24,13860,473,182,655,40,688,2
4,12,1400,229,169,398,39,414,3
4,12,2800,227,73,300,34,297,1
4,24,9520,395,193,588,40,617,1
4,12,5880,469,176,645,43,697,3
4,36,23940,886,241,1127,34,1116,1

Correalation factor = 0.4
Length,Effort,Transactions,Entities,PointsAdjust,Envergure,PointsNonAjust
12,5152,253,52,305,34,302
4,5635,197,124,321,33,315
1,805,40,60,100,18,83
5,3829,200,119,319,30,303
4,2149,140,94,234,24,208
4,2821,97,89,186,38,192
9,2569,119,42,161,25,145
13,3913,186,52,238,25,214
12,7854,172,88,260,30,247
4,2422,78,38,116,24,103
21,4067,167,99,266,24,237
17,9051,146,112,258,40,271
3,2282,33,72,105,19,88
8,4172,162,61,223,32,216
9,4977,223,121,344,28,320
8,1617,119,48,167,26,152
8,3192,57,43,100,43,108
14,3437,68,316,384,20,326
14,4494,9,386,395,21,340
5,840,58,34,92,29,86
12,14973,318,269,587,34,581
18,5180,88,170,258,34,255
5,5775,306,132,438,37,447
20,10577,304,78,382,39,397
8,3983,89,200,289,33,283
14,3164,86,230,316,33,310
6,3542,71,235,306,37,312
14,4277,148,324,472,39,491
16,7252,116,170,286,27,263
14,3948,175,277,452,37,461
6,3927,79,128,207,27,190
9,710,145,38,183,27,168
9,2429,174,78,252,41,267
5,6405,194,91,285,35,285
3,651,126,49,175,38,180
17,9135,137,119,256,34,253
11,1435,289,88,377,28,351
8,5922,260,144,404,24,360
4,847,158,59,217,18,180
16,8050,302,145,447,52,523
9,4620,451,48,499,28,464
34,2352,661,132,793,23,698
10,2174,64,54,118,25,106
39,19894,284,230,514,50,591
18,6699,182,126,308,35,308
27,14987,173,332,505,19,424
9,4004,252,7,259,28,241
11,12824,131,180,311,51,361
8,2331,106,39,145,6,103
9,5817,96,108,204,29,192
7,2989,116,72,188,18,156
6,3136,86,49,135,32,131
17,14434,221,121,342,35,342
12,2583,61,96,157,18,130
12,3647,132,89,221,5,155
13,8232,45,387,432,16,350
12,3276,55,112,167,12,129
8,2723,124,52,176,14,139
5,3472,120,126,246,15,197
6,1575,47,32,79,14,62
12,2926,126,107,233,23,205
6,1876,101,45,146,15,117
5,2520,78,99,177,14,140
13,1603,69,74,143,14,113
8,3626,194,97,291,35,291
10,6783,224,110,334,28,311
15,11361,323,184,507,35,507
10,1267,42,31,73,27,67
5,2548,74,43,117,25,105
10,1155,101,57,158,9,117
6,546,97,42,139,6,99
13,2275,134,77,211,13,165
26,9100,482,227,709,26,645
6,595,213,73,286,6,203
22,3941,139,143,282,22,245
24,13860,473,182,655,40,688
12,1400,229,169,398,39,414
12,2800,227,73,300,34,297
24,9520,395,193,588,40,617
12,5880,469,176,645,43,697
36,23940,886,241,1127,34,1116

Correalation factor = 0.5
Length,Effort,Transactions,Entities,PointsAdjust,Envergure,PointsNonAjust
12,5152,253,52,305,34,302
4,5635,197,124,321,33,315
1,805,40,60,100,18,83
5,3829,200,119,319,30,303
4,2149,140,94,234,24,208
4,2821,97,89,186,38,192
9,2569,119,42,161,25,145
13,3913,186,52,238,25,214
12,7854,172,88,260,30,247
4,2422,78,38,116,24,103
21,4067,167,99,266,24,237
17,9051,146,112,258,40,271
3,2282,33,72,105,19,88
8,4172,162,61,223,32,216
9,4977,223,121,344,28,320
8,1617,119,48,167,26,152
8,3192,57,43,100,43,108
14,3437,68,316,384,20,326
14,4494,9,386,395,21,340
5,840,58,34,92,29,86
12,14973,318,269,587,34,581
18,5180,88,170,258,34,255
5,5775,306,132,438,37,447
20,10577,304,78,382,39,397
8,3983,89,200,289,33,283
14,3164,86,230,316,33,310
6,3542,71,235,306,37,312
14,4277,148,324,472,39,491
16,7252,116,170,286,27,263
14,3948,175,277,452,37,461
6,3927,79,128,207,27,190
9,710,145,38,183,27,168
9,2429,174,78,252,41,267
5,6405,194,91,285,35,285
3,651,126,49,175,38,180
17,9135,137,119,256,34,253
11,1435,289,88,377,28,351
8,5922,260,144,404,24,360
4,847,158,59,217,18,180
16,8050,302,145,447,52,523
9,4620,451,48,499,28,464
34,2352,661,132,793,23,698
10,2174,64,54,118,25,106
39,19894,284,230,514,50,591
18,6699,182,126,308,35,308
27,14987,173,332,505,19,424
9,4004,252,7,259,28,241
11,12824,131,180,311,51,361
8,2331,106,39,145,6,103
9,5817,96,108,204,29,192
7,2989,116,72,188,18,156
6,3136,86,49,135,32,131
17,14434,221,121,342,35,342
12,2583,61,96,157,18,130
12,3647,132,89,221,5,155
13,8232,45,387,432,16,350
12,3276,55,112,167,12,129
8,2723,124,52,176,14,139
5,3472,120,126,246,15,197
6,1575,47,32,79,14,62
12,2926,126,107,233,23,205
6,1876,101,45,146,15,117
5,2520,78,99,177,14,140
13,1603,69,74,143,14,113
8,3626,194,97,291,35,291
10,6783,224,110,334,28,311
15,11361,323,184,507,35,507
10,1267,42,31,73,27,67
5,2548,74,43,117,25,105
10,1155,101,57,158,9,117
6,546,97,42,139,6,99
13,2275,134,77,211,13,165
26,9100,482,227,709,26,645
6,595,213,73,286,6,203
22,3941,139,143,282,22,245
24,13860,473,182,655,40,688
12,1400,229,169,398,39,414
12,2800,227,73,300,34,297
24,9520,395,193,588,40,617
12,5880,469,176,645,43,697
36,23940,886,241,1127,34,1116

Correalation factor = 0.6
Length,Effort,Transactions,Entities,PointsAdjust,PointsNonAjust
12,5152,253,52,305,302
4,5635,197,124,321,315
1,805,40,60,100,83
5,3829,200,119,319,303
4,2149,140,94,234,208
4,2821,97,89,186,192
9,2569,119,42,161,145
13,3913,186,52,238,214
12,7854,172,88,260,247
4,2422,78,38,116,103
21,4067,167,99,266,237
17,9051,146,112,258,271
3,2282,33,72,105,88
8,4172,162,61,223,216
9,4977,223,121,344,320
8,1617,119,48,167,152
8,3192,57,43,100,108
14,3437,68,316,384,326
14,4494,9,386,395,340
5,840,58,34,92,86
12,14973,318,269,587,581
18,5180,88,170,258,255
5,5775,306,132,438,447
20,10577,304,78,382,397
8,3983,89,200,289,283
14,3164,86,230,316,310
6,3542,71,235,306,312
14,4277,148,324,472,491
16,7252,116,170,286,263
14,3948,175,277,452,461
6,3927,79,128,207,190
9,710,145,38,183,168
9,2429,174,78,252,267
5,6405,194,91,285,285
3,651,126,49,175,180
17,9135,137,119,256,253
11,1435,289,88,377,351
8,5922,260,144,404,360
4,847,158,59,217,180
16,8050,302,145,447,523
9,4620,451,48,499,464
34,2352,661,132,793,698
10,2174,64,54,118,106
39,19894,284,230,514,591
18,6699,182,126,308,308
27,14987,173,332,505,424
9,4004,252,7,259,241
11,12824,131,180,311,361
8,2331,106,39,145,103
9,5817,96,108,204,192
7,2989,116,72,188,156
6,3136,86,49,135,131
17,14434,221,121,342,342
12,2583,61,96,157,130
12,3647,132,89,221,155
13,8232,45,387,432,350
12,3276,55,112,167,129
8,2723,124,52,176,139
5,3472,120,126,246,197
6,1575,47,32,79,62
12,2926,126,107,233,205
6,1876,101,45,146,117
5,2520,78,99,177,140
13,1603,69,74,143,113
8,3626,194,97,291,291
10,6783,224,110,334,311
15,11361,323,184,507,507
10,1267,42,31,73,67
5,2548,74,43,117,105
10,1155,101,57,158,117
6,546,97,42,139,99
13,2275,134,77,211,165
26,9100,482,227,709,645
6,595,213,73,286,203
22,3941,139,143,282,245
24,13860,473,182,655,688
12,1400,229,169,398,414
12,2800,227,73,300,297
24,9520,395,193,588,617
12,5880,469,176,645,697
36,23940,886,241,1127,1116

Correalation factor = 0.7
Length,Effort,PointsAdjust,PointsNonAjust
12,5152,305,302
4,5635,321,315
1,805,100,83
5,3829,319,303
4,2149,234,208
4,2821,186,192
9,2569,161,145
13,3913,238,214
12,7854,260,247
4,2422,116,103
21,4067,266,237
17,9051,258,271
3,2282,105,88
8,4172,223,216
9,4977,344,320
8,1617,167,152
8,3192,100,108
14,3437,384,326
14,4494,395,340
5,840,92,86
12,14973,587,581
18,5180,258,255
5,5775,438,447
20,10577,382,397
8,3983,289,283
14,3164,316,310
6,3542,306,312
14,4277,472,491
16,7252,286,263
14,3948,452,461
6,3927,207,190
9,710,183,168
9,2429,252,267
5,6405,285,285
3,651,175,180
17,9135,256,253
11,1435,377,351
8,5922,404,360
4,847,217,180
16,8050,447,523
9,4620,499,464
34,2352,793,698
10,2174,118,106
39,19894,514,591
18,6699,308,308
27,14987,505,424
9,4004,259,241
11,12824,311,361
8,2331,145,103
9,5817,204,192
7,2989,188,156
6,3136,135,131
17,14434,342,342
12,2583,157,130
12,3647,221,155
13,8232,432,350
12,3276,167,129
8,2723,176,139
5,3472,246,197
6,1575,79,62
12,2926,233,205
6,1876,146,117
5,2520,177,140
13,1603,143,113
8,3626,291,291
10,6783,334,311
15,11361,507,507
10,1267,73,67
5,2548,117,105
10,1155,158,117
6,546,139,99
13,2275,211,165
26,9100,709,645
6,595,286,203
22,3941,282,245
24,13860,655,688
12,1400,398,414
12,2800,300,297
24,9520,588,617
12,5880,645,697
36,23940,1127,1116

Correalation factor = 0.8
Effort,PointsNonAjust
5152,302
5635,315
805,83
3829,303
2149,208
2821,192
2569,145
3913,214
7854,247
2422,103
4067,237
9051,271
2282,88
4172,216
4977,320
1617,152
3192,108
3437,326
4494,340
840,86
14973,581
5180,255
5775,447
10577,397
3983,283
3164,310
3542,312
4277,491
7252,263
3948,461
3927,190
710,168
2429,267
6405,285
651,180
9135,253
1435,351
5922,360
847,180
8050,523
4620,464
2352,698
2174,106
19894,591
6699,308
14987,424
4004,241
12824,361
2331,103
5817,192
2989,156
3136,131
14434,342
2583,130
3647,155
8232,350
3276,129
2723,139
3472,197
1575,62
2926,205
1876,117
2520,140
1603,113
3626,291
6783,311
11361,507
1267,67
2548,105
1155,117
546,99
2275,165
9100,645
595,203
3941,245
13860,688
1400,414
2800,297
9520,617
5880,697
23940,1116

Correalation factor = 0.9
Effort
5152
5635
805
3829
2149
2821
2569
3913
7854
2422
4067
9051
2282
4172
4977
1617
3192
3437
4494
840
14973
5180
5775
10577
3983
3164
3542
4277
7252
3948
3927
710
2429
6405
651
9135
1435
5922
847
8050
4620
2352
2174
19894
6699
14987
4004
12824
2331
5817
2989
3136
14434
2583
3647
8232
3276
2723
3472
1575
2926
1876
2520
1603
3626
6783
11361
1267
2548
1155
546
2275
9100
595
3941
13860
1400
2800
9520
5880
23940
